-1.0 , 0.5867621854433139
-0.999 , 0.5867326164837252
-0.998 , 0.5867029755337662
-0.997 , 0.5866732624248905
-0.996 , 0.586643476988192
-0.995 , 0.5866136190544038
-0.994 , 0.5865836884538973
-0.993 , 0.5865536850166825
-0.992 , 0.5865236085724066
-0.991 , 0.5864934589503539
-0.99 , 0.586463235979445
-0.989 , 0.5864329394882368
-0.988 , 0.5864025693049202
-0.987 , 0.5863721252573216
-0.986 , 0.5863416071729015
-0.985 , 0.5863110148787533
-0.984 , 0.5862803482016032
-0.983 , 0.5862496069678104
-0.982 , 0.5862187910033648
-0.981 , 0.5861879001338881
-0.98 , 0.5861569341846324
-0.979 , 0.5861258929804792
-0.978 , 0.5860947763459399
-0.977 , 0.5860635841051542
-0.976 , 0.5860323160818901
-0.975 , 0.5860009720995434
-0.974 , 0.5859695519811366
-0.973 , 0.5859380555493189
-0.972 , 0.5859064826263647
-0.971 , 0.5858748330341741
-0.97 , 0.5858431065942717
-0.969 , 0.5858113031278066
-0.968 , 0.5857794224555505
-0.967 , 0.5857474643978988
-0.966 , 0.5857154287748686
-0.965 , 0.5856833154060993
-0.964 , 0.585651124110851
-0.963 , 0.5856188547080045
-0.962 , 0.5855865070160605
-0.961 , 0.5855540808531398
-0.96 , 0.5855215760369806
-0.959 , 0.5854889923849406
-0.958 , 0.5854563297139946
-0.957 , 0.5854235878407348
-0.956 , 0.5853907665813693
-0.955 , 0.5853578657517229
-0.954 , 0.5853248851672352
-0.953 , 0.5852918246429608
-0.952 , 0.5852586839935683
-0.951 , 0.5852254630333402
-0.95 , 0.5851921615761717
-0.949 , 0.5851587794355707
-0.948 , 0.5851253164246568
-0.947 , 0.5850917723561613
-0.946 , 0.5850581470424255
-0.945 , 0.5850244402954017
-0.944 , 0.5849906519266513
-0.943 , 0.5849567817473447
-0.942 , 0.5849228295682607
-0.941 , 0.5848887951997864
-0.94 , 0.5848546784519156
-0.939 , 0.5848204791342494
-0.938 , 0.5847861970559944
-0.9369999999999999 , 0.5847518320259636
-0.9359999999999999 , 0.5847173838525742
-0.9349999999999999 , 0.5846828523438485
-0.9339999999999999 , 0.5846482373074121
-0.9329999999999999 , 0.5846135385504944
-0.9319999999999999 , 0.5845787558799271
-0.9309999999999999 , 0.5845438891021446
-0.9299999999999999 , 0.5845089380231822
-0.9289999999999999 , 0.5844739024486771
-0.9279999999999999 , 0.5844387821838665
-0.9269999999999999 , 0.5844035770335874
-0.9259999999999999 , 0.5843682868022764
-0.9249999999999999 , 0.5843329112939685
-0.9239999999999999 , 0.5842974503122976
-0.9229999999999999 , 0.5842619036604949
-0.9219999999999999 , 0.5842262711413886
-0.9209999999999999 , 0.5841905525574036
-0.9199999999999999 , 0.5841547477105605
-0.9189999999999999 , 0.5841188564024762
-0.9179999999999999 , 0.5840828784343611
-0.9169999999999999 , 0.5840468136070214
-0.9159999999999999 , 0.584010661720856
-0.9149999999999999 , 0.5839744225758574
-0.9139999999999999 , 0.5839380959716107
-0.9129999999999999 , 0.5839016817072934
-0.9119999999999999 , 0.5838651795816739
-0.9109999999999999 , 0.5838285893931121
-0.9099999999999999 , 0.5837919109395585
-0.9089999999999999 , 0.5837551440185529
-0.9079999999999999 , 0.5837182884272251
-0.9069999999999999 , 0.5836813439622932
-0.9059999999999999 , 0.583644310420064
-0.9049999999999999 , 0.5836071875964316
-0.9039999999999999 , 0.5835699752868774
-0.9029999999999999 , 0.5835326732864697
-0.9019999999999999 , 0.5834952813898626
-0.9009999999999999 , 0.5834577993912958
-0.8999999999999999 , 0.5834202270845942
-0.8989999999999999 , 0.5833825642631667
-0.8979999999999999 , 0.5833448107200065
-0.8969999999999999 , 0.5833069662476903
-0.8959999999999999 , 0.5832690306383773
-0.8949999999999999 , 0.5832310036838093
-0.8939999999999999 , 0.5831928851753094
-0.8929999999999999 , 0.5831546749037828
-0.8919999999999999 , 0.5831163726597149
-0.8909999999999999 , 0.583077978233171
-0.8899999999999999 , 0.5830394914137965
-0.8889999999999999 , 0.5830009119908159
-0.8879999999999999 , 0.5829622397530323
-0.8869999999999999 , 0.5829234744888265
-0.8859999999999999 , 0.5828846159861577
-0.8849999999999999 , 0.582845664032561
-0.8839999999999999 , 0.5828066184151488
-0.8829999999999999 , 0.5827674789206093
-0.8819999999999999 , 0.5827282453352062
-0.8809999999999999 , 0.5826889174447781
-0.8799999999999999 , 0.582649495034738
-0.8789999999999999 , 0.5826099778900726
-0.8779999999999999 , 0.5825703657953427
-0.8769999999999999 , 0.5825306585346812
-0.8759999999999999 , 0.582490855891794
-0.8749999999999999 , 0.5824509576499581
-0.8739999999999999 , 0.5824109635920229
-0.8729999999999999 , 0.5823708735004077
-0.8719999999999999 , 0.5823306871571027
-0.8709999999999999 , 0.5822904043436677
-0.8699999999999999 , 0.582250024841232
-0.8689999999999999 , 0.5822095484304937
-0.8679999999999999 , 0.5821689748917188
-0.8669999999999999 , 0.582128304004742
-0.8659999999999999 , 0.5820875355489645
-0.8649999999999999 , 0.5820466693033549
-0.8639999999999999 , 0.5820057050464482
-0.8629999999999999 , 0.5819646425563444
-0.8619999999999999 , 0.5819234816107098
-0.8609999999999999 , 0.5818822219867754
-0.8599999999999999 , 0.5818408634613361
-0.8589999999999999 , 0.5817994058107511
-0.8579999999999999 , 0.5817578488109433
-0.8569999999999999 , 0.5817161922373979
-0.8559999999999999 , 0.5816744358651631
-0.8549999999999999 , 0.5816325794688483
-0.8539999999999999 , 0.5815906228226254
-0.8529999999999999 , 0.5815485657002267
-0.8519999999999999 , 0.5815064078749453
-0.8509999999999999 , 0.5814641491196341
-0.8499999999999999 , 0.5814217892067058
-0.8489999999999999 , 0.5813793279081324
-0.8479999999999999 , 0.5813367649954443
-0.8469999999999999 , 0.58129410023973
-0.8459999999999999 , 0.5812513334116362
-0.8449999999999999 , 0.5812084642813662
-0.8439999999999999 , 0.581165492618681
-0.8429999999999999 , 0.5811224181928972
-0.8419999999999999 , 0.5810792407728879
-0.8409999999999999 , 0.5810359601270809
-0.8399999999999999 , 0.58099257602346
-0.8389999999999999 , 0.5809490882295625
-0.8379999999999999 , 0.5809054965124805
-0.8369999999999999 , 0.5808618006388595
-0.8359999999999999 , 0.5808180003748985
-0.8349999999999999 , 0.5807740954863488
-0.8339999999999999 , 0.5807300857385147
-0.8329999999999999 , 0.5806859708962516
-0.8319999999999999 , 0.580641750723967
-0.8309999999999998 , 0.580597424985619
-0.8299999999999998 , 0.5805529934447164
-0.8289999999999998 , 0.5805084558643188
-0.8279999999999998 , 0.5804638120070343
-0.8269999999999998 , 0.5804190616350215
-0.8259999999999998 , 0.5803742045099876
-0.8249999999999998 , 0.5803292403931873
-0.8239999999999998 , 0.5802841690454248
-0.8229999999999998 , 0.5802389902270512
-0.8219999999999998 , 0.580193703697965
-0.8209999999999998 , 0.5801483092176112
-0.8199999999999998 , 0.5801028065449816
-0.8189999999999998 , 0.5800571954386139
-0.8179999999999998 , 0.5800114756565915
-0.8169999999999998 , 0.5799656469565426
-0.8159999999999998 , 0.5799197090956408
-0.8149999999999998 , 0.5798736618306036
-0.8139999999999998 , 0.579827504917693
-0.8129999999999998 , 0.579781238112714
-0.8119999999999998 , 0.5797348611710154
-0.8109999999999998 , 0.5796883738474884
-0.8099999999999998 , 0.5796417758965673
-0.8089999999999998 , 0.5795950670722277
-0.8079999999999998 , 0.5795482471279877
-0.8069999999999998 , 0.579501315816906
-0.8059999999999998 , 0.5794542728915829
-0.8049999999999998 , 0.5794071181041586
-0.8039999999999998 , 0.5793598512063142
-0.8029999999999998 , 0.5793124719492703
-0.8019999999999998 , 0.5792649800837871
-0.8009999999999998 , 0.5792173753601638
-0.7999999999999998 , 0.5791696575282387
-0.7989999999999998 , 0.5791218263373881
-0.7979999999999998 , 0.5790738815365266
-0.7969999999999998 , 0.5790258228741068
-0.7959999999999998 , 0.5789776500981181
-0.7949999999999998 , 0.5789293629560874
-0.7939999999999998 , 0.5788809611950783
-0.7929999999999998 , 0.5788324445616904
-0.7919999999999998 , 0.5787838128020594
-0.7909999999999998 , 0.5787350656618573
-0.7899999999999998 , 0.5786862028862909
-0.7889999999999998 , 0.5786372242201021
-0.7879999999999998 , 0.5785881294075678
-0.7869999999999998 , 0.578538918192499
-0.7859999999999998 , 0.5784895903182409
-0.7849999999999998 , 0.5784401455276728
-0.7839999999999998 , 0.578390583563207
-0.7829999999999998 , 0.5783409041667893
-0.7819999999999998 , 0.5782911070798981
-0.7809999999999998 , 0.578241192043545
-0.7799999999999998 , 0.578191158798273
-0.7789999999999998 , 0.5781410070841577
-0.7779999999999998 , 0.5780907366408063
-0.7769999999999998 , 0.5780403472073571
-0.7759999999999998 , 0.5779898385224799
-0.7749999999999998 , 0.5779392103243751
-0.7739999999999998 , 0.5778884623507741
-0.7729999999999998 , 0.5778375943389381
-0.7719999999999998 , 0.5777866060256586
-0.7709999999999998 , 0.577735497147257
-0.7699999999999998 , 0.5776842674395837
-0.7689999999999998 , 0.5776329166380189
-0.7679999999999998 , 0.5775814444774714
-0.7669999999999998 , 0.5775298506923793
-0.7659999999999998 , 0.5774781350167084
-0.7649999999999998 , 0.5774262971839538
-0.7639999999999998 , 0.5773743369271375
-0.7629999999999998 , 0.5773222539788102
-0.7619999999999998 , 0.5772700480710495
-0.7609999999999998 , 0.577217718935461
-0.7599999999999998 , 0.5771652663031765
-0.7589999999999998 , 0.5771126899048554
-0.7579999999999998 , 0.5770599894706839
-0.7569999999999998 , 0.5770071647303738
-0.7559999999999998 , 0.5769542154131642
-0.7549999999999998 , 0.5769011412478192
-0.7539999999999998 , 0.5768479419626293
-0.7529999999999998 , 0.5767946172854111
-0.7519999999999998 , 0.5767411669435055
-0.7509999999999998 , 0.5766875906637798
-0.7499999999999998 , 0.5766338881726254
-0.7489999999999998 , 0.5765800591959594
-0.7479999999999998 , 0.5765261034592233
-0.7469999999999998 , 0.5764720206873829
-0.7459999999999998 , 0.5764178106049287
-0.7449999999999998 , 0.5763634729358755
-0.7439999999999998 , 0.5763090074037618
-0.7429999999999998 , 0.5762544137316504
-0.7419999999999998 , 0.5761996916421273
-0.7409999999999998 , 0.5761448408573028
-0.7399999999999998 , 0.5760898610988099
-0.7389999999999998 , 0.5760347520878057
-0.7379999999999998 , 0.5759795135449701
-0.7369999999999998 , 0.5759241451905058
-0.7359999999999998 , 0.5758686467441391
-0.7349999999999998 , 0.5758130179251184
-0.7339999999999998 , 0.5757572584522153
-0.7329999999999998 , 0.5757013680437237
-0.7319999999999998 , 0.5756453464174603
-0.7309999999999998 , 0.575589193290764
-0.7299999999999998 , 0.5755329083804959
-0.7289999999999998 , 0.5754764914030394
-0.7279999999999998 , 0.5754199420743
-0.7269999999999998 , 0.5753632601097053
-0.7259999999999998 , 0.5753064452242046
-0.7249999999999998 , 0.5752494971322697
-0.7239999999999998 , 0.5751924155478932
-0.7229999999999998 , 0.5751352001845903
-0.7219999999999998 , 0.5750778507553977
-0.7209999999999998 , 0.5750203669728736
-0.7199999999999998 , 0.5749627485490978
-0.7189999999999998 , 0.5749049951956715
-0.7179999999999997 , 0.5748471066237179
-0.7169999999999997 , 0.574789082543881
-0.7159999999999997 , 0.574730922666327
-0.7149999999999997 , 0.574672626700743
-0.7139999999999997 , 0.5746141943563374
-0.7129999999999997 , 0.5745556253418407
-0.7119999999999997 , 0.5744969193655041
-0.7109999999999997 , 0.5744380761351003
-0.7099999999999997 , 0.574379095357924
-0.7089999999999997 , 0.5743199767407904
-0.7079999999999997 , 0.5742607199900366
-0.7069999999999997 , 0.5742013248115212
-0.7059999999999997 , 0.5741417909106241
-0.7049999999999997 , 0.5740821179922467
-0.7039999999999997 , 0.5740223057608124
-0.7029999999999997 , 0.5739623539202653
-0.7019999999999997 , 0.5739022621740718
-0.7009999999999997 , 0.5738420302252196
-0.6999999999999997 , 0.5737816577762187
-0.6989999999999997 , 0.5737211445291002
-0.6979999999999997 , 0.5736604901854174
-0.6969999999999997 , 0.573599694446246
-0.6959999999999997 , 0.5735387570121826
-0.6949999999999997 , 0.5734776775833472
-0.6939999999999997 , 0.5734164558593812
-0.6929999999999997 , 0.5733550915394486
-0.6919999999999997 , 0.5732935843222356
-0.6909999999999997 , 0.5732319339059517
-0.6899999999999997 , 0.5731701399883279
-0.6889999999999997 , 0.5731082022666187
-0.6879999999999997 , 0.5730461204376018
-0.6869999999999997 , 0.5729838941975774
-0.6859999999999997 , 0.5729215232423687
-0.6849999999999997 , 0.572859007267323
-0.6839999999999997 , 0.5727963459673105
-0.6829999999999997 , 0.5727335390367253
-0.6819999999999997 , 0.5726705861694853
-0.6809999999999997 , 0.5726074870590327
-0.6799999999999997 , 0.5725442413983332
-0.6789999999999997 , 0.5724808488798776
-0.6779999999999997 , 0.5724173091956808
-0.6769999999999997 , 0.5723536220372827
-0.6759999999999997 , 0.5722897870957482
-0.6749999999999997 , 0.5722258040616673
-0.6739999999999997 , 0.5721616726251553
-0.6729999999999997 , 0.5720973924758536
-0.6719999999999997 , 0.572032963302929
-0.6709999999999997 , 0.5719683847950746
-0.6699999999999997 , 0.5719036566405101
-0.6689999999999997 , 0.5718387785269813
-0.6679999999999997 , 0.5717737501417616
-0.6669999999999997 , 0.5717085711716511
-0.6659999999999997 , 0.5716432413029773
-0.6649999999999997 , 0.5715777602215953
-0.6639999999999997 , 0.5715121276128888
-0.6629999999999997 , 0.5714463431617697
-0.6619999999999997 , 0.5713804065526779
-0.6609999999999997 , 0.5713143174695825
-0.6599999999999997 , 0.5712480755959823
-0.6589999999999997 , 0.5711816806149053
-0.6579999999999997 , 0.5711151322089094
-0.6569999999999997 , 0.5710484300600827
-0.6559999999999997 , 0.570981573850044
-0.6549999999999997 , 0.5709145632599433
-0.6539999999999997 , 0.5708473979704615
-0.6529999999999997 , 0.5707800776618113
-0.6519999999999997 , 0.5707126020137376
-0.6509999999999997 , 0.5706449707055179
-0.6499999999999997 , 0.5705771834159621
-0.6489999999999997 , 0.5705092398234137
-0.6479999999999997 , 0.5704411396057497
-0.6469999999999997 , 0.5703728824403814
-0.6459999999999997 , 0.5703044680042544
-0.6449999999999997 , 0.5702358959738495
-0.6439999999999997 , 0.5701671660251821
-0.6429999999999997 , 0.5700982778338048
-0.6419999999999997 , 0.5700292310748053
-0.6409999999999997 , 0.5699600254228084
-0.6399999999999997 , 0.5698906605519767
-0.6389999999999997 , 0.5698211361360094
-0.6379999999999997 , 0.5697514518481449
-0.6369999999999997 , 0.5696816073611599
-0.6359999999999997 , 0.5696116023473704
-0.6349999999999997 , 0.569541436478632
-0.6339999999999997 , 0.5694711094263406
-0.6329999999999997 , 0.5694006208614331
-0.6319999999999997 , 0.5693299704543873
-0.6309999999999997 , 0.5692591578752232
-0.6299999999999997 , 0.5691881827935035
-0.6289999999999997 , 0.569117044878333
-0.6279999999999997 , 0.5690457437983611
-0.6269999999999997 , 0.5689742792217805
-0.6259999999999997 , 0.5689026508163293
-0.6249999999999997 , 0.5688308582492906
-0.6239999999999997 , 0.5687589011874936
-0.6229999999999997 , 0.568686779297314
-0.6219999999999997 , 0.5686144922446749
-0.6209999999999997 , 0.5685420396950471
-0.6199999999999997 , 0.5684694213134497
-0.6189999999999997 , 0.5683966367644513
-0.6179999999999997 , 0.5683236857121703
-0.6169999999999997 , 0.5682505678202753
-0.6159999999999997 , 0.5681772827519868
-0.6149999999999997 , 0.5681038301700758
-0.6139999999999997 , 0.5680302097368675
-0.6129999999999997 , 0.5679564211142392
-0.6119999999999997 , 0.5678824639636227
-0.6109999999999997 , 0.5678083379460045
-0.6099999999999997 , 0.5677340427219266
-0.6089999999999997 , 0.5676595779514872
-0.6079999999999997 , 0.5675849432943414
-0.6069999999999997 , 0.5675101384097022
-0.6059999999999997 , 0.5674351629563411
-0.6049999999999996 , 0.567360016592589
-0.6039999999999996 , 0.5672846989763366
-0.6029999999999996 , 0.567209209765036
-0.6019999999999996 , 0.5671335486157009
-0.6009999999999996 , 0.5670577151849076
-0.5999999999999996 , 0.5669817091287954
-0.5989999999999996 , 0.5669055301030687
-0.5979999999999996 , 0.5668291777629964
-0.5969999999999996 , 0.5667526517634136
-0.5959999999999996 , 0.5666759517587225
-0.5949999999999996 , 0.5665990774028928
-0.5939999999999996 , 0.566522028349463
-0.5929999999999996 , 0.566444804251541
-0.5919999999999996 , 0.5663674047618056
-0.5909999999999996 , 0.5662898295325071
-0.5899999999999996 , 0.5662120782154675
-0.5889999999999996 , 0.5661341504620828
-0.5879999999999996 , 0.5660560459233231
-0.5869999999999996 , 0.5659777642497341
-0.5859999999999996 , 0.5658993050914372
-0.5849999999999996 , 0.5658206680981316
-0.5839999999999996 , 0.5657418529190944
-0.5829999999999996 , 0.5656628592031824
-0.5819999999999996 , 0.5655836865988323
-0.5809999999999996 , 0.5655043347540628
-0.5799999999999996 , 0.565424803316474
-0.5789999999999996 , 0.565345091933251
-0.5779999999999996 , 0.5652652002511622
-0.5769999999999996 , 0.5651851279165622
-0.5759999999999996 , 0.5651048745753922
-0.5749999999999996 , 0.5650244398731815
-0.5739999999999996 , 0.5649438234550483
-0.5729999999999996 , 0.5648630249657007
-0.5719999999999996 , 0.5647820440494388
-0.5709999999999996 , 0.5647008803501542
-0.5699999999999996 , 0.5646195335113326
-0.5689999999999996 , 0.5645380031760545
-0.5679999999999996 , 0.5644562889869965
-0.5669999999999996 , 0.564374390586432
-0.5659999999999996 , 0.564292307616233
-0.5649999999999996 , 0.5642100397178715
-0.5639999999999996 , 0.5641275865324198
-0.5629999999999996 , 0.5640449477005526
-0.5619999999999996 , 0.563962122862548
-0.5609999999999996 , 0.563879111658289
-0.5599999999999996 , 0.5637959137272641
-0.5589999999999996 , 0.5637125287085695
-0.5579999999999996 , 0.5636289562409096
-0.5569999999999996 , 0.5635451959625993
-0.5559999999999996 , 0.5634612475115642
-0.5549999999999996 , 0.5633771105253428
-0.5539999999999996 , 0.5632927846410873
-0.5529999999999996 , 0.563208269495566
-0.5519999999999996 , 0.563123564725163
-0.5509999999999996 , 0.5630386699658816
-0.5499999999999996 , 0.5629535848533432
-0.5489999999999996 , 0.5628683090227922
-0.5479999999999996 , 0.562782842109094
-0.5469999999999996 , 0.562697183746738
-0.5459999999999996 , 0.56261133356984
-0.5449999999999996 , 0.5625252912121418
-0.5439999999999996 , 0.5624390563070137
-0.5429999999999996 , 0.5623526284874564
-0.5419999999999996 , 0.5622660073861012
-0.5409999999999996 , 0.5621791926352134
-0.5399999999999996 , 0.5620921838666922
-0.5389999999999996 , 0.5620049807120729
-0.5379999999999996 , 0.5619175828025287
-0.5369999999999996 , 0.5618299897688719
-0.5359999999999996 , 0.5617422012415556
-0.5349999999999996 , 0.561654216850676
-0.5339999999999996 , 0.5615660362259731
-0.5329999999999996 , 0.5614776589968323
-0.5319999999999996 , 0.5613890847922872
-0.5309999999999996 , 0.56130031324102
-0.5299999999999996 , 0.5612113439713645
-0.5289999999999996 , 0.5611221766113063
-0.5279999999999996 , 0.5610328107884855
-0.5269999999999996 , 0.5609432461301986
-0.5259999999999996 , 0.5608534822633996
-0.5249999999999996 , 0.5607635188147023
-0.5239999999999996 , 0.5606733554103818
-0.5229999999999996 , 0.5605829916763764
-0.5219999999999996 , 0.5604924272382891
-0.5209999999999996 , 0.5604016617213903
-0.5199999999999996 , 0.5603106947506187
-0.5189999999999996 , 0.5602195259505836
-0.5179999999999996 , 0.5601281549455669
-0.5169999999999996 , 0.5600365813595245
-0.5159999999999996 , 0.5599448048160892
-0.5149999999999996 , 0.5598528249385712
-0.5139999999999996 , 0.5597606413499615
-0.5129999999999996 , 0.5596682536729323
-0.5119999999999996 , 0.5595756615298412
-0.5109999999999996 , 0.5594828645427304
-0.5099999999999996 , 0.5593898623333317
-0.5089999999999996 , 0.5592966545230653
-0.5079999999999996 , 0.5592032407330451
-0.5069999999999996 , 0.5591096205840781
-0.5059999999999996 , 0.5590157936966684
-0.5049999999999996 , 0.558921759691018
-0.5039999999999996 , 0.5588275181870295
-0.5029999999999996 , 0.5587330688043084
-0.5019999999999996 , 0.5586384111621644
-0.5009999999999996 , 0.5585435448796147
-0.49999999999999956 , 0.5584484695753855
-0.49899999999999956 , 0.5583531848679144
-0.49799999999999955 , 0.558257690375352
-0.49699999999999955 , 0.5581619857155655
-0.49599999999999955 , 0.5580660705061395
-0.49499999999999955 , 0.5579699443643797
-0.49399999999999955 , 0.5578736069073135
-0.49299999999999955 , 0.5577770577516938
-0.49199999999999955 , 0.5576802965140008
-0.49099999999999955 , 0.557583322810444
-0.48999999999999955 , 0.5574861362569652
-0.48899999999999955 , 0.5573887364692401
-0.48799999999999955 , 0.5572911230626819
-0.48699999999999954 , 0.5571932956524424
-0.48599999999999954 , 0.5570952538534154
-0.48499999999999954 , 0.5569969972802389
-0.48399999999999954 , 0.556898525547297
-0.48299999999999954 , 0.5567998382687234
-0.48199999999999954 , 0.5567009350584035
-0.48099999999999954 , 0.5566018155299766
-0.47999999999999954 , 0.5565024792968389
-0.47899999999999954 , 0.5564029259721462
-0.47799999999999954 , 0.556303155168816
-0.47699999999999954 , 0.5562031664995304
-0.47599999999999953 , 0.5561029595767393
-0.47499999999999953 , 0.5560025340126616
-0.47399999999999953 , 0.55590188941929
-0.47299999999999953 , 0.5558010254083916
-0.47199999999999953 , 0.5556999415915123
-0.47099999999999953 , 0.5555986375799785
-0.46999999999999953 , 0.5554971129849008
-0.46899999999999953 , 0.5553953674171754
-0.4679999999999995 , 0.555293400487489
-0.4669999999999995 , 0.5551912118063196
-0.4659999999999995 , 0.5550888009839409
-0.4649999999999995 , 0.5549861676304241
-0.4639999999999995 , 0.5548833113556417
-0.4629999999999995 , 0.5547802317692704
-0.4619999999999995 , 0.5546769284807931
-0.4609999999999995 , 0.5545734010995033
-0.4599999999999995 , 0.5544696492345067
-0.4589999999999995 , 0.5543656724947259
-0.4579999999999995 , 0.554261470488902
-0.4569999999999995 , 0.5541570428255986
-0.4559999999999995 , 0.554052389113205
-0.4549999999999995 , 0.5539475089599382
-0.4539999999999995 , 0.5538424019738477
-0.4529999999999995 , 0.5537370677628177
-0.4519999999999995 , 0.5536315059345711
-0.4509999999999995 , 0.5535257160966717
-0.4499999999999995 , 0.5534196978565287
-0.4489999999999995 , 0.5533134508213989
-0.4479999999999995 , 0.5532069745983919
-0.4469999999999995 , 0.5531002687944709
-0.4459999999999995 , 0.5529933330164584
-0.4449999999999995 , 0.5528861668710389
-0.4439999999999995 , 0.5527787699647619
-0.4429999999999995 , 0.5526711419040462
-0.4419999999999995 , 0.5525632822951831
-0.4409999999999995 , 0.5524551907443402
-0.4399999999999995 , 0.5523468668575647
-0.4389999999999995 , 0.5522383102407876
-0.4379999999999995 , 0.5521295204998266
-0.4369999999999995 , 0.5520204972403913
-0.4359999999999995 , 0.5519112400680851
-0.4349999999999995 , 0.5518017485884105
-0.4339999999999995 , 0.5516920224067725
-0.4329999999999995 , 0.5515820611284825
-0.4319999999999995 , 0.5514718643587619
-0.4309999999999995 , 0.551361431702747
-0.4299999999999995 , 0.5512507627654917
-0.4289999999999995 , 0.551139857151973
-0.4279999999999995 , 0.551028714467094
-0.4269999999999995 , 0.5509173343156889
-0.4259999999999995 , 0.5508057163025263
-0.4249999999999995 , 0.5506938600323142
-0.4239999999999995 , 0.5505817651097047
-0.4229999999999995 , 0.5504694311392966
-0.4219999999999995 , 0.5503568577256417
-0.4209999999999995 , 0.550244044473248
-0.4199999999999995 , 0.5501309909865848
-0.4189999999999995 , 0.5500176968700874
-0.4179999999999995 , 0.549904161728161
-0.4169999999999995 , 0.5497903851651863
-0.4159999999999995 , 0.5496763667855227
-0.4149999999999995 , 0.5495621061935153
-0.4139999999999995 , 0.5494476029934975
-0.4129999999999995 , 0.5493328567897973
-0.4119999999999995 , 0.549217867186742
-0.4109999999999995 , 0.5491026337886625
-0.4099999999999995 , 0.5489871561998997
-0.4089999999999995 , 0.548871434024808
-0.4079999999999995 , 0.548755466867762
-0.4069999999999995 , 0.5486392543331612
-0.4059999999999995 , 0.5485227960254349
-0.40499999999999947 , 0.5484060915490481
-0.40399999999999947 , 0.5482891405085073
-0.40299999999999947 , 0.5481719425083657
-0.40199999999999947 , 0.5480544971532282
-0.40099999999999947 , 0.5479368040477588
-0.39999999999999947 , 0.5478188627966846
-0.39899999999999947 , 0.5477006730048027
-0.39799999999999947 , 0.5475822342769869
-0.39699999999999946 , 0.5474635462181915
-0.39599999999999946 , 0.5473446084334599
-0.39499999999999946 , 0.5472254205279292
-0.39399999999999946 , 0.5471059821068376
-0.39299999999999946 , 0.5469862927755302
-0.39199999999999946 , 0.5468663521394662
-0.39099999999999946 , 0.5467461598042247
-0.38999999999999946 , 0.5466257153755121
-0.38899999999999946 , 0.5465050184591691
-0.38799999999999946 , 0.5463840686611771
-0.38699999999999946 , 0.5462628655876657
-0.38599999999999945 , 0.5461414088449198
-0.38499999999999945 , 0.5460196980393878
-0.38399999999999945 , 0.5458977327776873
-0.38299999999999945 , 0.5457755126666142
-0.38199999999999945 , 0.5456530373131504
-0.38099999999999945 , 0.5455303063244705
-0.37999999999999945 , 0.5454073193079516
-0.37899999999999945 , 0.5452840758711794
-0.37799999999999945 , 0.545160575621959
-0.37699999999999945 , 0.5450368181683208
-0.37599999999999945 , 0.5449128031185311
-0.37499999999999944 , 0.5447885300811006
-0.37399999999999944 , 0.5446639986647921
-0.37299999999999944 , 0.5445392084786311
-0.37199999999999944 , 0.5444141591319149
-0.37099999999999944 , 0.5442888502342214
-0.36999999999999944 , 0.5441632813954197
-0.36899999999999944 , 0.5440374522256793
-0.36799999999999944 , 0.5439113623354812
-0.36699999999999944 , 0.543785011335627
-0.36599999999999944 , 0.5436583988372502
-0.36499999999999944 , 0.5435315244518275
-0.36399999999999944 , 0.5434043877911884
-0.36299999999999943 , 0.5432769884675281
-0.36199999999999943 , 0.5431493260934173
-0.36099999999999943 , 0.5430214002818157
-0.35999999999999943 , 0.5428932106460828
-0.35899999999999943 , 0.5427647567999906
-0.35799999999999943 , 0.5426360383577361
-0.35699999999999943 , 0.5425070549339547
-0.35599999999999943 , 0.5423778061437322
-0.3549999999999994 , 0.54224829160262
-0.3539999999999994 , 0.5421185109266468
-0.3529999999999994 , 0.5419884637323344
-0.3519999999999994 , 0.5418581496367118
-0.3509999999999994 , 0.5417275682573295
-0.3499999999999994 , 0.5415967192122747
-0.3489999999999994 , 0.5414656021201876
-0.3479999999999994 , 0.5413342166002768
-0.3469999999999994 , 0.5412025622723357
-0.3459999999999994 , 0.5410706387567589
-0.3449999999999994 , 0.5409384456745605
-0.3439999999999994 , 0.5408059826473901
-0.3429999999999994 , 0.5406732492975523
-0.3419999999999994 , 0.5405402452480242
-0.3409999999999994 , 0.5404069701224756
-0.3399999999999994 , 0.5402734235452867
-0.3389999999999994 , 0.5401396051415704
-0.3379999999999994 , 0.540005514537191
-0.3369999999999994 , 0.5398711513587862
-0.3359999999999994 , 0.5397365152337887
-0.3349999999999994 , 0.5396016057904485
-0.3339999999999994 , 0.5394664226578553
-0.3329999999999994 , 0.5393309654659632
-0.3319999999999994 , 0.5391952338456136
-0.3309999999999994 , 0.5390592274285608
-0.3299999999999994 , 0.5389229458474974
-0.3289999999999994 , 0.5387863887360805
-0.3279999999999994 , 0.5386495557289585
-0.3269999999999994 , 0.5385124464617997
-0.3259999999999994 , 0.53837506057132
-0.3249999999999994 , 0.5382373976953128
-0.3239999999999994 , 0.5380994574726787
-0.3229999999999994 , 0.5379612395434575
-0.3219999999999994 , 0.5378227435488598
-0.3209999999999994 , 0.5376839691312997
-0.3199999999999994 , 0.5375449159344291
-0.3189999999999994 , 0.5374055836031731
-0.3179999999999994 , 0.5372659717837648
-0.3169999999999994 , 0.5371260801237837
-0.3159999999999994 , 0.5369859082721932
-0.3149999999999994 , 0.5368454558793798
-0.3139999999999994 , 0.5367047225971944
-0.3129999999999994 , 0.536563708078993
-0.3119999999999994 , 0.536422411979681
-0.3109999999999994 , 0.5362808339557563
-0.3099999999999994 , 0.5361389736653561
-0.3089999999999994 , 0.5359968307683032
-0.3079999999999994 , 0.5358544049261553
-0.3069999999999994 , 0.5357116958022545
-0.3059999999999994 , 0.5355687030617792
-0.3049999999999994 , 0.5354254263717975
-0.3039999999999994 , 0.5352818654013222
-0.3029999999999994 , 0.5351380198213669
-0.3019999999999994 , 0.5349938893050052
-0.3009999999999994 , 0.5348494735274303
-0.2999999999999994 , 0.5347047721660182
-0.2989999999999994 , 0.5345597849003905
-0.2979999999999994 , 0.5344145114124818
-0.2969999999999994 , 0.5342689513866076
-0.2959999999999994 , 0.5341231045095349
-0.2949999999999994 , 0.5339769704705549
-0.2939999999999994 , 0.5338305489615587
-0.29299999999999937 , 0.5336838396771135
-0.29199999999999937 , 0.5335368423145443
-0.29099999999999937 , 0.533389556574016
-0.28999999999999937 , 0.5332419821586183
-0.28899999999999937 , 0.5330941187744539
-0.28799999999999937 , 0.5329459661307308
-0.28699999999999937 , 0.5327975239398541
-0.28599999999999937 , 0.5326487919175253
-0.28499999999999936 , 0.5324997697828409
-0.28399999999999936 , 0.532350457258397
-0.28299999999999936 , 0.5322008540703953
-0.28199999999999936 , 0.5320509599487546
-0.28099999999999936 , 0.5319007746272245
-0.27999999999999936 , 0.5317502978435028
-0.27899999999999936 , 0.5315995293393586
-0.27799999999999936 , 0.5314484688607564
-0.27699999999999936 , 0.5312971161579878
-0.27599999999999936 , 0.5311454709858051
-0.27499999999999936 , 0.53099353310356
-0.27399999999999936 , 0.5308413022753479
-0.27299999999999935 , 0.530688778270155
-0.27199999999999935 , 0.530535960862013
-0.27099999999999935 , 0.5303828498301558
-0.26999999999999935 , 0.5302294449591853
-0.26899999999999935 , 0.5300757460392382
-0.26799999999999935 , 0.5299217528661634
-0.26699999999999935 , 0.5297674652417006
-0.26599999999999935 , 0.5296128829736687
-0.26499999999999935 , 0.5294580058761585
-0.26399999999999935 , 0.5293028337697324
-0.26299999999999935 , 0.5291473664816306
-0.26199999999999934 , 0.5289916038459854
-0.26099999999999934 , 0.5288355457040409
-0.25999999999999934 , 0.5286791919043823
-0.25899999999999934 , 0.5285225423031705
-0.25799999999999934 , 0.5283655967643879
-0.25699999999999934 , 0.5282083551600886
-0.25599999999999934 , 0.5280508173706607
-0.25499999999999934 , 0.5278929832850955
-0.25399999999999934 , 0.5277348528012668
-0.25299999999999934 , 0.5275764258262187
-0.25199999999999934 , 0.5274177022764642
-0.25099999999999933 , 0.5272586820782943
-0.24999999999999933 , 0.5270993651680959
-0.24899999999999933 , 0.5269397514926824
-0.24799999999999933 , 0.5267798410096349
-0.24699999999999933 , 0.5266196336876553
-0.24599999999999933 , 0.5264591295069309
-0.24499999999999933 , 0.5262983284595117
-0.24399999999999933 , 0.526137230549702
-0.24299999999999933 , 0.5259758357944629
-0.24199999999999933 , 0.5258141442238314
-0.24099999999999933 , 0.5256521558813512
-0.23999999999999932 , 0.5254898708245208
-0.23899999999999932 , 0.5253272891252551
-0.23799999999999932 , 0.5251644108703639
-0.23699999999999932 , 0.5250012361620467
-0.23599999999999932 , 0.5248377651184045
-0.23499999999999932 , 0.5246739978739688
-0.23399999999999932 , 0.5245099345802495
-0.23299999999999932 , 0.5243455754063017
-0.23199999999999932 , 0.5241809205393113
-0.23099999999999932 , 0.5240159701852012
-0.22999999999999932 , 0.5238507245692591
-0.22899999999999932 , 0.5236851839367858
-0.22799999999999931 , 0.5235193485537667
-0.2269999999999993 , 0.5233532187075662
-0.2259999999999993 , 0.5231867947076463
-0.2249999999999993 , 0.5230200768863096
-0.2239999999999993 , 0.5228530655994686
-0.2229999999999993 , 0.5226857612274413
-0.2219999999999993 , 0.5225181641757738
-0.2209999999999993 , 0.5223502748760926
-0.2199999999999993 , 0.5221820937869854
-0.2189999999999993 , 0.5220136213949124
-0.2179999999999993 , 0.5218448582151496
-0.2169999999999993 , 0.521675804792765
-0.2159999999999993 , 0.5215064617036276
-0.2149999999999993 , 0.5213368295554522
-0.2139999999999993 , 0.5211669089888804
-0.2129999999999993 , 0.5209967006785979
-0.2119999999999993 , 0.5208262053344932
-0.2109999999999993 , 0.5206554237028526
-0.2099999999999993 , 0.5204843565676001
-0.2089999999999993 , 0.5203130047515786
-0.2079999999999993 , 0.5201413691178753
-0.2069999999999993 , 0.5199694505711949
-0.2059999999999993 , 0.5197972500592778
-0.2049999999999993 , 0.5196247685743687
-0.2039999999999993 , 0.5194520071547376
-0.2029999999999993 , 0.5192789668862511
-0.2019999999999993 , 0.519105648903999
-0.2009999999999993 , 0.5189320543939789
-0.1999999999999993 , 0.5187581845948367
-0.1989999999999993 , 0.5185840407996692
-0.1979999999999993 , 0.518409624357889
-0.1969999999999993 , 0.5182349366771528
-0.19599999999999929 , 0.5180599792253594
-0.19499999999999929 , 0.5178847535327136
-0.19399999999999928 , 0.5177092611938637
-0.19299999999999928 , 0.5175335038701135
-0.19199999999999928 , 0.5173574832917094
-0.19099999999999928 , 0.5171812012602077
-0.18999999999999928 , 0.517004659650925
-0.18899999999999928 , 0.5168278604154715
-0.18799999999999928 , 0.5166508055843733
-0.18699999999999928 , 0.5164734972697859
-0.18599999999999928 , 0.5162959376683016
-0.18499999999999928 , 0.5161181290638529
-0.18399999999999928 , 0.5159400738307188
-0.18299999999999927 , 0.5157617744366333
-0.18199999999999927 , 0.515583233446003
-0.18099999999999927 , 0.515404453523235
-0.17999999999999927 , 0.5152254374361805
-0.17899999999999927 , 0.5150461880596988
-0.17799999999999927 , 0.5148667083793425
-0.17699999999999927 , 0.514687001495172
-0.17599999999999927 , 0.5145070706257012
-0.17499999999999927 , 0.5143269191119803
-0.17399999999999927 , 0.5141465504218197
-0.17299999999999927 , 0.5139659681541587
-0.17199999999999926 , 0.5137851760435875
-0.17099999999999926 , 0.5136041779650239
-0.16999999999999926 , 0.5134229779385521
-0.16899999999999926 , 0.5132415801344283
-0.16799999999999926 , 0.5130599888782603
-0.16699999999999926 , 0.5128782086563639
-0.16599999999999926 , 0.5126962441213063
-0.16499999999999926 , 0.5125141000976394
-0.16399999999999926 , 0.5123317815878311
-0.16299999999999926 , 0.5121492937784015
-0.16199999999999926 , 0.5119666420462693
-0.16099999999999925 , 0.5117838319653187
-0.15999999999999925 , 0.5116008693131905
-0.15899999999999925 , 0.5114177600783081
-0.15799999999999925 , 0.5112345104671443
-0.15699999999999925 , 0.5110511269117393
-0.15599999999999925 , 0.5108676160774744
-0.15499999999999925 , 0.5106839848711159
-0.15399999999999925 , 0.5105002404491322
-0.15299999999999925 , 0.5103163902262977
-0.15199999999999925 , 0.510132441884592
-0.15099999999999925 , 0.5099484033824019
-0.14999999999999925 , 0.5097642829640404
-0.14899999999999924 , 0.5095800891695911
-0.14799999999999924 , 0.5093958308450873
-0.14699999999999924 , 0.5092115171530415
-0.14599999999999924 , 0.509027157583332
-0.14499999999999924 , 0.5088427619644621
-0.14399999999999924 , 0.5086583404752025
-0.14299999999999924 , 0.5084739036566296
-0.14199999999999924 , 0.5082894624245743
-0.14099999999999924 , 0.5081050280824931
-0.13999999999999924 , 0.5079206123347764
-0.13899999999999924 , 0.5077362273005076
-0.13799999999999923 , 0.5075518855276899
-0.13699999999999923 , 0.5073676000079522
-0.13599999999999923 , 0.5071833841917547
-0.13499999999999923 , 0.5069992520041051
-0.13399999999999923 , 0.5068152178608082
-0.13299999999999923 , 0.5066312966852586
-0.13199999999999923 , 0.5064475039258028
-0.13099999999999923 , 0.5062638555736807
-0.12999999999999923 , 0.5060803681815708
-0.12899999999999923 , 0.5058970588827566
-0.12799999999999923 , 0.5057139454109327
-0.12699999999999922 , 0.5055310461206736
-0.12599999999999922 , 0.5053483800085842
-0.12499999999999922 , 0.5051659667351537
-0.12399999999999922 , 0.5049838266473362
-0.12299999999999922 , 0.5048019808018798
-0.12199999999999922 , 0.5046204509894269
-0.12099999999999922 , 0.5044392597594118
-0.11999999999999922 , 0.5042584304457783
-0.11899999999999922 , 0.5040779871935422
-0.11799999999999922 , 0.5038979549862268
-0.11699999999999922 , 0.503718359674196
-0.11599999999999921 , 0.5035392280039126
-0.11499999999999921 , 0.5033605876481496
-0.11399999999999921 , 0.5031824672371839
-0.11299999999999921 , 0.5030048963909994
-0.11199999999999921 , 0.502827905752532
-0.11099999999999921 , 0.5026515270219849
-0.10999999999999921 , 0.5024757929922458
-0.10899999999999921 , 0.5023007375854385
-0.10799999999999921 , 0.5021263958906403
-0.1069999999999992 , 0.5019528042027998
-0.1059999999999992 , 0.5017800000628847
-0.1049999999999992 , 0.5016080222993013
-0.1039999999999992 , 0.5014369110706126
-0.1029999999999992 , 0.5012667079095949
-0.1019999999999992 , 0.5010974557686687
-0.1009999999999992 , 0.5009291990667386
-0.0999999999999992 , 0.5007619837374808
-0.0989999999999992 , 0.5005958572791154
-0.0979999999999992 , 0.5004308688057002
-0.0969999999999992 , 0.5002670690999854
-0.0959999999999992 , 0.5001045106678682
-0.0949999999999992 , 0.49994324779448385
-0.0939999999999992 , 0.49978333660197577
-0.0929999999999992 , 0.49962483510897954
-0.0919999999999992 , 0.4994678032918635
-0.09099999999999919 , 0.4993123031477639
-0.08999999999999919 , 0.49915839875945295
-0.08899999999999919 , 0.49900615636207973
-0.08799999999999919 , 0.4988556444118213
-0.08699999999999919 , 0.4987069336564836
-0.08599999999999919 , 0.4985600972080874
-0.08499999999999919 , 0.49841521061747823
-0.08399999999999919 , 0.4982723519509941
-0.08299999999999919 , 0.49813160186922784
-0.08199999999999918 , 0.4979930437079145
-0.08099999999999918 , 0.4978567635609795
-0.07999999999999918 , 0.4977228503657751
-0.07899999999999918 , 0.4975913959905344
-0.07799999999999918 , 0.49746249532406944
-0.07699999999999918 , 0.49733624636773793
-0.07599999999999918 , 0.4972127503296971
-0.07499999999999918 , 0.49709211172146606
-0.07399999999999918 , 0.4969744384568101
-0.07299999999999918 , 0.49685984195295624
-0.07199999999999918 , 0.4967484372341484
-0.07099999999999917 , 0.49664034303754745
-0.06999999999999917 , 0.49653568192146613
-0.06899999999999917 , 0.4964345803759381
-0.06799999999999917 , 0.4963371689356026
-0.06699999999999917 , 0.496243582294886
-0.06599999999999917 , 0.49615395942545215
-0.06499999999999917 , 0.496068443695885
-0.06399999999999917 , 0.49598718299356165
-0.06299999999999917 , 0.4959103298486628
-0.06199999999999917 , 0.495838041560254
-0.060999999999999166 , 0.49577048032437376
-0.059999999999999165 , 0.49570781336403097
-0.058999999999999164 , 0.4956502130610281
-0.05799999999999916 , 0.49559785708949095
-0.05699999999999916 , 0.49555092855098465
-0.05599999999999916 , 0.49550961611107586
-0.05499999999999916 , 0.49547411413718645
-0.05399999999999916 , 0.49544462283756435
-0.05299999999999916 , 0.4954213484011809
-0.05199999999999916 , 0.4954045031383433
-0.05099999999999916 , 0.4953943056217898
-0.049999999999999156 , 0.49539098082801264
-0.048999999999999155 , 0.4953947602785292
-0.047999999999999154 , 0.495405882180798
-0.046999999999999154 , 0.49542459156844937
-0.04599999999999915 , 0.4954511404404677
-0.04499999999999915 , 0.4954857878989398
-0.04399999999999915 , 0.49552880028494384
-0.04299999999999915 , 0.4955804513121266
-0.04199999999999915 , 0.49564102219747685
-0.04099999999999915 , 0.4957108017887673
-0.03999999999999915 , 0.495790086688097
-0.038999999999999146 , 0.49587918137092873
-0.037999999999999146 , 0.49597839829996854
-0.036999999999999145 , 0.4960880580331922
-0.035999999999999144 , 0.49620848932527645
-0.03499999999999914 , 0.4963400292216427
-0.03399999999999914 , 0.49648302314427334
-0.03299999999999914 , 0.49663782496840525
-0.03199999999999914 , 0.49680479708915226
-0.03099999999999914 , 0.4969843104770532
-0.02999999999999914 , 0.49717674472148193
-0.028999999999999138 , 0.4973824880608007
-0.027999999999999137 , 0.49760193739807457
-0.026999999999999136 , 0.4978354983011043
-0.025999999999999135 , 0.4980835849854733
-0.024999999999999134 , 0.49834662027924
-0.023999999999999133 , 0.49862503556784465
-0.022999999999999132 , 0.49891927071773545
-0.02199999999999913 , 0.4992297739771559
-0.02099999999999913 , 0.49955700185247254
-0.01999999999999913 , 0.499901418958363
-0.01899999999999913 , 0.5002634978401215
-0.017999999999999128 , 0.5006437187662863
-0.016999999999999127 , 0.5010425694897367
-0.015999999999999126 , 0.501460544975357
-0.014999999999999125 , 0.5018981470923252
-0.013999999999999124 , 0.5023558842690343
-0.012999999999999123 , 0.502834271108632
-0.011999999999999122 , 0.5033338279631305
-0.010999999999999122 , 0.503855080464025
-0.00999999999999912 , 0.5043985590073515
-0.00899999999999912 , 0.5049647981911177
-0.007999999999999119 , 0.5055543362030587
-0.006999999999999118 , 0.5061677141566976
-0.005999999999999117 , 0.5068054753737369
-0.004999999999999116 , 0.5074681646108715
-0.003999999999999115 , 0.5081563272291918
-0.0029999999999991145 , 0.5088705083044486
-0.0019999999999991136 , 0.5096112516765753
-0.0009999999999991127 , 0.510379098937007
8.881784197001252e-16 , 0.5111745883525105
0.001000000000000778 , 0.5119982537244381
0.00200000000000089 , 0.5128506231825434
0.003000000000001002 , 0.5137322179127553
0.004000000000000892 , 0.5146435508186005
0.005000000000000782 , 0.5155851251162789
0.0060000000000008935 , 0.5165574328637561
0.007000000000001005 , 0.5175609534246294
0.008000000000000895 , 0.518596151867948
0.009000000000000785 , 0.5196634773056307
0.010000000000000897 , 0.5207633611696191
0.011000000000001009 , 0.5218962154314433
0.012000000000000899 , 0.5230624307674402
0.013000000000000789 , 0.5242623746734641
0.0140000000000009 , 0.525496389533565
0.015000000000001013 , 0.5267647906477599
0.016000000000000902 , 0.5280678642247216
0.017000000000000792 , 0.5294058653458976
0.018000000000000904 , 0.5307790159083032
0.019000000000001016 , 0.5321875025539611
0.020000000000000906 , 0.5336314745946947
0.021000000000000796 , 0.5351110419417151
0.022000000000000908 , 0.5366262730501601
0.02300000000000102 , 0.5381771928894444
0.02400000000000091 , 0.5397637809509557
0.0250000000000008 , 0.5413859693052562
0.02600000000000091 , 0.5430436407215304
0.027000000000001023 , 0.5447366268625385
0.028000000000000913 , 0.5464647065687828
0.029000000000000803 , 0.5482276042459479
0.030000000000000915 , 0.550024988369935
0.031000000000001027 , 0.551856470123969
0.03200000000000092 , 0.553721602182282
0.033000000000000806 , 0.5556198776547809
0.03400000000000092 , 0.5575507292068569
0.03500000000000103 , 0.5595135283681084
0.03600000000000092 , 0.5615075850432044
0.03700000000000081 , 0.5635321472373901
0.03800000000000092 , 0.5655864010082653
0.039000000000001034 , 0.5676694706544205
0.040000000000000924 , 0.5697804191502996
0.041000000000000814 , 0.57191824883528
0.042000000000000925 , 0.5740819023634286
0.04300000000000104 , 0.5762702639187083
0.04400000000000093 , 0.5784821606985989
0.04500000000000082 , 0.5807163646671545
0.04600000000000093 , 0.5829715945764775
0.04700000000000104 , 0.5852465182534753
0.04800000000000093 , 0.5875397551465877
0.04900000000000082 , 0.589849879124954
0.05000000000000093 , 0.5921754215202739
0.051000000000001044 , 0.5945148743994253
0.052000000000000934 , 0.5968666940537559
0.053000000000000824 , 0.5992293046889059
0.054000000000000936 , 0.6016011022970621
0.05500000000000105 , 0.6039804586917463
0.05600000000000094 , 0.606365725683592
0.05700000000000083 , 0.6087552393741144
0.05800000000000094 , 0.6111473245432478
0.05900000000000105 , 0.6135402991054247
0.06000000000000094 , 0.6159324786082363
0.06100000000000083 , 0.6183221807472226
0.06200000000000094 , 0.6207077298701413
0.06300000000000106 , 0.6230874614441326
0.06400000000000095 , 0.6254597264595549
0.06500000000000083 , 0.6278228957448735
0.06600000000000095 , 0.6301753641678736
0.06700000000000106 , 0.6325155546996023
0.06800000000000095 , 0.634841922318807
0.06900000000000084 , 0.6371529577362074
0.07000000000000095 , 0.6394471909197003
0.07100000000000106 , 0.6417231944035194
0.07200000000000095 , 0.6439795863664206
0.07300000000000084 , 0.6462150334661187
0.07400000000000095 , 0.6484282534194208
0.07500000000000107 , 0.6506180173197722
0.07600000000000096 , 0.6527831516862056
0.07700000000000085 , 0.6549225402399349
0.07800000000000096 , 0.6570351254070455
0.07900000000000107 , 0.6591199095478756
0.08000000000000096 , 0.6611759559157161
0.08100000000000085 , 0.6632023893493887
0.08200000000000096 , 0.6651983967060434
0.08300000000000107 , 0.6671632270421644
0.08400000000000096 , 0.6690961915522534
0.08500000000000085 , 0.6709966632759689
0.08600000000000096 , 0.6728640765856324
0.08700000000000108 , 0.6746979264669788
0.08800000000000097 , 0.6764977676068066
0.08900000000000086 , 0.6782632133017915
0.09000000000000097 , 0.6799939342031625
0.09100000000000108 , 0.6816896569122181
0.09200000000000097 , 0.6833501624417873
0.09300000000000086 , 0.6849752845587104
0.09400000000000097 , 0.6865649080222664
0.09500000000000108 , 0.6881189667332034
0.09600000000000097 , 0.6896374418076474
0.09700000000000086 , 0.6911203595896942
0.09800000000000098 , 0.6925677896159256
0.09900000000000109 , 0.6939798425444843
0.10000000000000098 , 0.6953566680606537
0.10100000000000087 , 0.6966984527701712
0.10200000000000098 , 0.6980054180907505
0.10300000000000109 , 0.6992778181515139
0.10400000000000098 , 0.7005159377092569
0.10500000000000087 , 0.7017200900896658
0.10600000000000098 , 0.702890615160842
0.1070000000000011 , 0.7040278773457024
0.10800000000000098 , 0.705132263679091
0.10900000000000087 , 0.7062041819146921
0.11000000000000099 , 0.707244058686152
0.1110000000000011 , 0.708252337726138
0.11200000000000099 , 0.7092294781464475
0.11300000000000088 , 0.7101759527816666
0.11400000000000099 , 0.7110922465983387
0.1150000000000011 , 0.7119788551710796
0.11600000000000099 , 0.7128362832265978
0.11700000000000088 , 0.7136650432561487
0.11800000000000099 , 0.7144656541965442
0.1190000000000011 , 0.715238640179487
0.120000000000001 , 0.7159845293486722
0.12100000000000088 , 0.7167038527438137
0.122000000000001 , 0.7173971432504961
0.12300000000000111 , 0.718064934614533
0.124000000000001 , 0.7187077605193284
0.1250000000000009 , 0.7193261537245605
0.126000000000001 , 0.7199206452643898
0.1270000000000011 , 0.7204917637032637
0.128000000000001 , 0.7210400344473202
0.1290000000000009 , 0.7215659791093065
0.130000000000001 , 0.7220701149248936
0.13100000000000112 , 0.7225529542182286
0.132000000000001 , 0.723015003914553
0.1330000000000009 , 0.723456765097709
0.134000000000001 , 0.7238787326103702
0.13500000000000112 , 0.7242813946948465
0.136000000000001 , 0.7246652326723486
0.1370000000000009 , 0.7250307206586323
0.138000000000001 , 0.7253783253139824
0.13900000000000112 , 0.7257085056255581
0.140000000000001 , 0.7260217127201615
0.1410000000000009 , 0.7263183897055633
0.14200000000000101 , 0.7265989715385744
0.14300000000000113 , 0.7268638849181157
0.14400000000000102 , 0.7271135482016114
0.1450000000000009 , 0.7273483713430915
0.14600000000000102 , 0.7275687558514593
0.14700000000000113 , 0.7277750947674511
0.14800000000000102 , 0.7279677726578763
0.1490000000000009 , 0.7281471656258012
0.15000000000000102 , 0.7283136413353987
0.15100000000000113 , 0.7284675590502568
0.15200000000000102 , 0.7286092696839988
0.1530000000000009 , 0.7287391158621337
0.15400000000000102 , 0.7288574319941108
0.15500000000000114 , 0.7289645443546161
0.15600000000000103 , 0.7290607711732014
0.15700000000000092 , 0.7291464227313945
0.15800000000000103 , 0.7292218014664847
0.15900000000000114 , 0.7292872020812399
0.16000000000000103 , 0.7293429116588463
0.16100000000000092 , 0.7293892097824213
0.16200000000000103 , 0.7294263686584793
0.16300000000000114 , 0.7294546532437894
0.16400000000000103 , 0.7294743213750889
0.16500000000000092 , 0.7294856239011621
0.16600000000000104 , 0.7294888048168299
0.16700000000000115 , 0.7294841013984272
0.16800000000000104 , 0.7294717443403778
0.16900000000000093 , 0.7294519578925099
0.17000000000000104 , 0.729424959997781
0.17100000000000115 , 0.7293909624301079
0.17200000000000104 , 0.729350170932027
0.17300000000000093 , 0.7293027853519278
0.17400000000000104 , 0.7292489997806336
0.17500000000000115 , 0.7291890026871143
0.17600000000000104 , 0.7291229770531439
0.17700000000000093 , 0.7290511005067325
0.17800000000000105 , 0.7289735454541755
0.17900000000000116 , 0.7288904792105843
0.18000000000000105 , 0.7288020641287748
0.18100000000000094 , 0.7287084577264042
0.18200000000000105 , 0.7286098128112621
0.18300000000000116 , 0.7285062776046293
0.18400000000000105 , 0.7283979958626341
0.18500000000000094 , 0.7282851069955444
0.18600000000000105 , 0.7281677461849395
0.18700000000000117 , 0.7280460444987231
0.18800000000000106 , 0.7279201290039384
0.18900000000000095 , 0.7277901228773583
0.19000000000000106 , 0.7276561455138322
0.19100000000000117 , 0.7275183126323711
0.19200000000000106 , 0.7273767363799664
0.19300000000000095 , 0.7272315254331354
0.19400000000000106 , 0.7270827850971988
0.19500000000000117 , 0.7269306174032935
0.19600000000000106 , 0.7267751212031317
0.19700000000000095 , 0.7266163922615214
0.19800000000000106 , 0.7264545233466628
0.19900000000000118 , 0.7262896043182434
0.20000000000000107 , 0.7261217222133522
0.20100000000000096 , 0.7259509613302394
0.20200000000000107 , 0.725777403309949
0.20300000000000118 , 0.7256011272158516
0.20400000000000107 , 0.7254222096111106
0.20500000000000096 , 0.7252407246341112
0.20600000000000107 , 0.7250567440718878
0.20700000000000118 , 0.7248703374315837
0.20800000000000107 , 0.724681572009976
0.20900000000000096 , 0.7244905129611048
0.21000000000000107 , 0.7242972233620427
0.2110000000000012 , 0.7241017642768394
0.21200000000000108 , 0.7239041948186807
0.21300000000000097 , 0.7237045722103002
0.21400000000000108 , 0.7235029518426775
0.2150000000000012 , 0.723299387332067
0.21600000000000108 , 0.7230939305753881
0.21700000000000097 , 0.7228866318040198
0.21800000000000108 , 0.7226775396360342
0.2190000000000012 , 0.7224667011269066
0.22000000000000108 , 0.7222541618187401
0.22100000000000097 , 0.7220399657880403
0.22200000000000109 , 0.7218241556920749
0.2230000000000012 , 0.7216067728138587
0.2240000000000011 , 0.7213878571057922
0.22500000000000098 , 0.7211674472319947
0.2260000000000011 , 0.7209455806093631
0.2270000000000012 , 0.720722293447391
0.2280000000000011 , 0.72049762078678
0.22900000000000098 , 0.7202715965368777
0.2300000000000011 , 0.7200442535119723
0.2310000000000012 , 0.7198156234664782
0.2320000000000011 , 0.7195857371290385
0.23300000000000098 , 0.7193546242355792
0.2340000000000011 , 0.7191223135613419
0.2350000000000012 , 0.7188888329519257
0.2360000000000011 , 0.7186542093533643
0.237000000000001 , 0.7184184688412664
0.2380000000000011 , 0.7181816366490495
0.2390000000000012 , 0.7179437371952893
0.2400000000000011 , 0.7177047941102109
0.241000000000001 , 0.7174648302613509
0.2420000000000011 , 0.71722386777841
0.24300000000000122 , 0.716981928077322
0.2440000000000011 , 0.7167390318835641
0.245000000000001 , 0.7164951992547272
0.2460000000000011 , 0.7162504496023725
0.24700000000000122 , 0.7160048017131936
0.2480000000000011 , 0.715758273769505
0.249000000000001 , 0.7155108833690782
0.2500000000000011 , 0.715262647544345
0.2510000000000012 , 0.7150135827809871
0.2520000000000011 , 0.7147637050359318
0.253000000000001 , 0.7145130297547689
0.2540000000000011 , 0.7142615718886114
0.2550000000000012 , 0.7140093459104132
0.2560000000000011 , 0.7137563658307624
0.257000000000001 , 0.7135026452131663
0.2580000000000011 , 0.7132481971888429
0.25900000000000123 , 0.7129930344710365
0.2600000000000011 , 0.7127371693688694
0.261000000000001 , 0.7124806138007476
0.2620000000000011 , 0.71222337930733
0.26300000000000123 , 0.7119654770640804
0.2640000000000011 , 0.7117069178934101
0.265000000000001 , 0.7114477122764281
0.2660000000000011 , 0.7111878703643086
0.26700000000000124 , 0.7109274019892896
0.2680000000000011 , 0.7106663166753139
0.269000000000001 , 0.7104046236483226
0.27000000000000113 , 0.7101423318462143
0.27100000000000124 , 0.7098794499284801
0.27200000000000113 , 0.7096159862855219
0.273000000000001 , 0.7093519490476692
0.27400000000000113 , 0.7090873460939001
0.27500000000000124 , 0.7088221850602774
0.27600000000000113 , 0.7085564733481086
0.277000000000001 , 0.7082902181318386
0.27800000000000114 , 0.7080234263666864
0.27900000000000125 , 0.7077561047960268
0.28000000000000114 , 0.707488259958536
0.281000000000001 , 0.707219898195098
0.28200000000000114 , 0.7069510256554868
0.28300000000000125 , 0.7066816483048295
0.28400000000000114 , 0.706411771929856
0.28500000000000103 , 0.7061414021449441
0.28600000000000114 , 0.705870544397965
0.28700000000000125 , 0.7055992039759389
0.28800000000000114 , 0.7053273860105015
0.28900000000000103 , 0.7050550954831929
0.29000000000000115 , 0.7047823372305716
0.29100000000000126 , 0.7045091159491603
0.29200000000000115 , 0.7042354362002281
0.29300000000000104 , 0.703961302414416
0.29400000000000115 , 0.7036867188962098
0.29500000000000126 , 0.7034116898282649
0.29600000000000115 , 0.7031362192755893
0.29700000000000104 , 0.7028603111895878
0.29800000000000115 , 0.7025839694119729
0.29900000000000126 , 0.7023071976785475
0.30000000000000115 , 0.7020299996228614
0.30100000000000104 , 0.7017523787797474
0.30200000000000116 , 0.7014743385887408
0.30300000000000127 , 0.701195882397387
0.30400000000000116 , 0.7009170134644365
0.30500000000000105 , 0.7006377349629378
0.30600000000000116 , 0.7003580499832265
0.30700000000000127 , 0.7000779615358144
0.30800000000000116 , 0.6997974725541853
0.30900000000000105 , 0.699516585897497
0.31000000000000116 , 0.6992353043531928
0.3110000000000013 , 0.698953630639529
0.31200000000000117 , 0.6986715674080167
0.31300000000000106 , 0.6983891172457831
0.31400000000000117 , 0.6981062826778553
0.3150000000000013 , 0.6978230661693675
0.31600000000000117 , 0.6975394701276956
0.31700000000000106 , 0.6972554969045204
0.31800000000000117 , 0.6969711487978234
0.3190000000000013 , 0.6966864280538152
0.3200000000000012 , 0.6964013368688008
0.32100000000000106 , 0.6961158773909822
0.3220000000000012 , 0.6958300517222022
0.3230000000000013 , 0.6955438619196289
0.3240000000000012 , 0.6952573099973859
0.32500000000000107 , 0.6949703979281261
0.3260000000000012 , 0.6946831276445565
0.3270000000000013 , 0.6943955010409083
0.3280000000000012 , 0.6941075199743615
0.32900000000000107 , 0.6938191862664204
0.3300000000000012 , 0.6935305017042431
0.3310000000000013 , 0.6932414680419287
0.3320000000000012 , 0.6929520870017589
0.3330000000000011 , 0.6926623602754003
0.3340000000000012 , 0.6923722895250661
0.3350000000000013 , 0.6920818763846388
0.3360000000000012 , 0.691791122460756
0.3370000000000011 , 0.6915000293338586
0.3380000000000012 , 0.6912085985592066
0.3390000000000013 , 0.6909168316678583
0.3400000000000012 , 0.690624730167619
0.3410000000000011 , 0.6903322955439561
0.3420000000000012 , 0.6900395292608849
0.3430000000000013 , 0.6897464327618248
0.3440000000000012 , 0.6894530074704263
0.3450000000000011 , 0.6891592547913703
0.3460000000000012 , 0.6888651761111408
0.3470000000000013 , 0.6885707727987734
0.3480000000000012 , 0.6882760462065747
0.3490000000000011 , 0.6879809976708217
0.3500000000000012 , 0.6876856285124356
0.3510000000000013 , 0.6873899400376339
0.3520000000000012 , 0.6870939335385594
0.3530000000000011 , 0.6867976102938896
0.3540000000000012 , 0.6865009715694246
0.3550000000000013 , 0.6862040186186552
0.3560000000000012 , 0.6859067526833125
0.3570000000000011 , 0.6856091749938987
0.3580000000000012 , 0.6853112867701998
0.3590000000000013 , 0.6850130892217811
0.3600000000000012 , 0.6847145835484661
0.3610000000000011 , 0.6844157709407991
0.3620000000000012 , 0.6841166525804923
0.3630000000000013 , 0.6838172296408573
0.3640000000000012 , 0.6835175032872229
0.3650000000000011 , 0.6832174746773377
0.3660000000000012 , 0.6829171449617591
0.3670000000000013 , 0.6826165152842303
0.3680000000000012 , 0.6823155867820431
0.3690000000000011 , 0.6820143605863888
0.3700000000000012 , 0.6817128378226969
0.37100000000000133 , 0.6814110196109637
0.3720000000000012 , 0.6811089070660666
0.3730000000000011 , 0.680806501298071
0.3740000000000012 , 0.6805038034125239
0.37500000000000133 , 0.6802008145107399
0.3760000000000012 , 0.6798975356900749
0.3770000000000011 , 0.6795939680441921
0.3780000000000012 , 0.6792901126633184
0.37900000000000134 , 0.6789859706344913
0.3800000000000012 , 0.6786815430417976
0.3810000000000011 , 0.678376830966605
0.3820000000000012 , 0.6780718354877827
0.38300000000000134 , 0.6777665576819181
0.38400000000000123 , 0.6774609986235222
0.3850000000000011 , 0.6771551593852309
0.38600000000000123 , 0.6768490410379966
0.38700000000000134 , 0.6765426446512756
0.38800000000000123 , 0.6762359712932063
0.3890000000000011 , 0.6759290220307833
0.39000000000000123 , 0.6756217979300237
0.39100000000000135 , 0.6753143000561288
0.39200000000000124 , 0.6750065294736383
0.3930000000000011 , 0.6746984872465809
0.39400000000000124 , 0.6743901744386182
0.39500000000000135 , 0.6740815921131835
0.39600000000000124 , 0.6737727413336165
0.39700000000000113 , 0.6734636231632914
0.39800000000000124 , 0.6731542386657421
0.39900000000000135 , 0.6728445889047815
0.40000000000000124 , 0.6725346749446169
0.40100000000000113 , 0.6722244978499616
0.40200000000000125 , 0.6719140586861408
0.40300000000000136 , 0.6716033585191955
0.40400000000000125 , 0.671292398415981
0.40500000000000114 , 0.670981179444262
0.40600000000000125 , 0.6706697026728047
0.40700000000000136 , 0.6703579691714646
0.40800000000000125 , 0.6700459800112712
0.40900000000000114 , 0.6697337362645093
0.41000000000000125 , 0.6694212390047972
0.41100000000000136 , 0.6691084893071618
0.41200000000000125 , 0.6687954882481112
0.41300000000000114 , 0.6684822369057026
0.41400000000000126 , 0.6681687363596098
0.41500000000000137 , 0.6678549876911871
0.41600000000000126 , 0.6675409919835289
0.41700000000000115 , 0.6672267503215292
0.41800000000000126 , 0.6669122637919378
0.41900000000000137 , 0.6665975334834131
0.42000000000000126 , 0.6662825604865744
0.42100000000000115 , 0.6659673458940498
0.42200000000000126 , 0.6656518908005237
0.4230000000000014 , 0.6653361963027821
0.42400000000000126 , 0.6650202634997542
0.42500000000000115 , 0.664704093492554
0.42600000000000127 , 0.6643876873845189
0.4270000000000014 , 0.6640710462812469
0.42800000000000127 , 0.6637541712906312
0.42900000000000116 , 0.6634370635228946
0.43000000000000127 , 0.6631197240906199
0.4310000000000014 , 0.6628021541087818
0.43200000000000127 , 0.6624843546947744
0.43300000000000116 , 0.6621663269684379
0.4340000000000013 , 0.6618480720520851
0.4350000000000014 , 0.6615295910705247
0.4360000000000013 , 0.6612108851510848
0.43700000000000117 , 0.6608919554236332
0.4380000000000013 , 0.6605728030205982
0.4390000000000014 , 0.6602534290769871
0.4400000000000013 , 0.6599338347304043
0.44100000000000117 , 0.6596140211210664
0.4420000000000013 , 0.659293989391818
0.4430000000000014 , 0.6589737406881464
0.4440000000000013 , 0.6586532761581938
0.4450000000000012 , 0.6583325969527685
0.4460000000000013 , 0.6580117042253576
0.4470000000000014 , 0.6576905991321349
0.4480000000000013 , 0.6573692828319713
0.4490000000000012 , 0.6570477564864421
0.4500000000000013 , 0.6567260212598333
0.4510000000000014 , 0.6564040783191493
0.4520000000000013 , 0.6560819288341168
0.4530000000000012 , 0.6557595739771903
0.4540000000000013 , 0.6554370149235547
0.4550000000000014 , 0.6551142528511289
0.4560000000000013 , 0.6547912889405678
0.4570000000000012 , 0.6544681243752635
0.4580000000000013 , 0.6541447603413452
0.4590000000000014 , 0.6538211980276809
0.4600000000000013 , 0.6534974386258748
0.4610000000000012 , 0.6531734833302673
0.4620000000000013 , 0.6528493333379312
0.4630000000000014 , 0.6525249898486708
0.4640000000000013 , 0.6522004540650184
0.4650000000000012 , 0.6518757271922285
0.4660000000000013 , 0.651550810438276
0.4670000000000014 , 0.651225705013849
0.4680000000000013 , 0.650900412132345
0.4690000000000012 , 0.6505749330098629
0.4700000000000013 , 0.6502492688651978
0.4710000000000014 , 0.6499234209198341
0.4720000000000013 , 0.6495973903979367
0.4730000000000012 , 0.6492711785263438
0.4740000000000013 , 0.6489447865345577
0.4750000000000014 , 0.6486182156547367
0.4760000000000013 , 0.6482914671216852
0.4770000000000012 , 0.6479645421728439
0.4780000000000013 , 0.6476374420482794
0.4790000000000014 , 0.6473101679906738
0.4800000000000013 , 0.6469827212453135
0.4810000000000012 , 0.6466551030600781
0.4820000000000013 , 0.6463273146854281
0.48300000000000143 , 0.6459993573743928
0.4840000000000013 , 0.645671232382559
0.4850000000000012 , 0.6453429409680556
0.4860000000000013 , 0.6450144843915431
0.48700000000000143 , 0.6446858639161985
0.4880000000000013 , 0.644357080807702
0.4890000000000012 , 0.6440281363342228
0.4900000000000013 , 0.6436990317664045
0.49100000000000144 , 0.6433697683773505
0.4920000000000013 , 0.6430403474426089
0.4930000000000012 , 0.6427107702401573
0.4940000000000013 , 0.6423810380503873
0.49500000000000144 , 0.642051152156088
0.49600000000000133 , 0.641721113842431
0.4970000000000012 , 0.641390924396953
0.49800000000000133 , 0.64106058510954
0.49900000000000144 , 0.6407300972724093
0.5000000000000013 , 0.6403994621800942
0.5010000000000012 , 0.640068681129425
0.5020000000000013 , 0.639737755419512
0.5030000000000014 , 0.6394066863517281
0.5040000000000013 , 0.6390754752296907
0.5050000000000012 , 0.6387441233592427
0.5060000000000013 , 0.6384126320484353
0.5070000000000014 , 0.6380810026075089
0.5080000000000013 , 0.637749236348874
0.5090000000000012 , 0.6374173345870925
0.5100000000000013 , 0.6370852986388584
0.5110000000000015 , 0.6367531298229789
0.5120000000000013 , 0.6364208294603545
0.5130000000000012 , 0.6360883988739588
0.5140000000000013 , 0.6357558393888196
0.5150000000000015 , 0.6354231523319983
0.5160000000000013 , 0.6350903390325697
0.5170000000000012 , 0.6347574008216019
0.5180000000000013 , 0.6344243390321354
0.5190000000000015 , 0.6340911549991626
0.5200000000000014 , 0.6337578500596075
0.5210000000000012 , 0.6334244255523039
0.5220000000000014 , 0.6330908828179745
0.5230000000000015 , 0.6327572231992102
0.5240000000000014 , 0.6324234480404481
0.5250000000000012 , 0.6320895586879504
0.5260000000000014 , 0.6317555564897822
0.5270000000000015 , 0.6314214427957907
0.5280000000000014 , 0.631087218957582
0.5290000000000012 , 0.6307528863285011
0.5300000000000014 , 0.6304184462636068
0.5310000000000015 , 0.6300839001196523
0.5320000000000014 , 0.6297492492550619
0.5330000000000013 , 0.6294144950299073
0.5340000000000014 , 0.6290796388058869
0.5350000000000015 , 0.628744681946302
0.5360000000000014 , 0.6284096258160341
0.5370000000000013 , 0.6280744717815229
0.5380000000000014 , 0.6277392212107419
0.5390000000000015 , 0.6274038754731767
0.5400000000000014 , 0.6270684359398003
0.5410000000000013 , 0.626732903983052
0.5420000000000014 , 0.6263972809768119
0.5430000000000015 , 0.6260615682963785
0.5440000000000014 , 0.6257257673184453
0.5450000000000013 , 0.6253898794210772
0.5460000000000014 , 0.6250539059836856
0.5470000000000015 , 0.6247178483870065
0.5480000000000014 , 0.6243817080130756
0.5490000000000013 , 0.6240454862452045
0.5500000000000014 , 0.6237091844679564
0.5510000000000015 , 0.623372804067123
0.5520000000000014 , 0.6230363464296998
0.5530000000000013 , 0.6226998129438616
0.5540000000000014 , 0.6223632049989384
0.5550000000000015 , 0.6220265239853917
0.5560000000000014 , 0.6216897712947894
0.5570000000000013 , 0.621352948319782
0.5580000000000014 , 0.621016056454077
0.5590000000000015 , 0.6206790970924155
0.5600000000000014 , 0.6203420716305474
0.5610000000000013 , 0.6200049814652062
0.5620000000000014 , 0.6196678279940844
0.5630000000000015 , 0.6193306126158091
0.5640000000000014 , 0.6189933367299173
0.5650000000000013 , 0.6186560017368302
0.5660000000000014 , 0.6183186090378292
0.5670000000000015 , 0.6179811600350305
0.5680000000000014 , 0.6176436561313602
0.5690000000000013 , 0.6173060987305291
0.5700000000000014 , 0.6169684892370081
0.5710000000000015 , 0.6166308290560024
0.5720000000000014 , 0.6162931195934275
0.5730000000000013 , 0.6159553622558821
0.5740000000000014 , 0.6156175584506249
0.5750000000000015 , 0.6152797095855485
0.5760000000000014 , 0.6149418170691537
0.5770000000000013 , 0.614603882310525
0.5780000000000014 , 0.6142659067193046
0.5790000000000015 , 0.6139278917056677
0.5800000000000014 , 0.6135898386802966
0.5810000000000013 , 0.6132517490543552
0.5820000000000014 , 0.6129136242394643
0.5830000000000015 , 0.6125754656476753
0.5840000000000014 , 0.6122372746914453
0.5850000000000013 , 0.6118990527836116
0.5860000000000014 , 0.6115608013373657
0.5870000000000015 , 0.6112225217662283
0.5880000000000014 , 0.6108842154840235
0.5890000000000013 , 0.6105458839048536
0.5900000000000014 , 0.610207528443073
0.5910000000000015 , 0.6098691505132633
0.5920000000000014 , 0.6095307515302066
0.5930000000000013 , 0.6091923329088617
0.5940000000000014 , 0.6088538960643367
0.5950000000000015 , 0.6085154424118646
0.5960000000000014 , 0.6081769733667772
0.5970000000000013 , 0.6078384903444797
0.5980000000000014 , 0.6074999947604246
0.5990000000000015 , 0.6071614880300871
0.6000000000000014 , 0.6068229715689386
0.6010000000000013 , 0.6064844467924214
0.6020000000000014 , 0.6061459151159232
0.6030000000000015 , 0.6058073779547513
0.6040000000000014 , 0.6054688367241075
0.6050000000000013 , 0.6051302928390616
0.6060000000000014 , 0.6047917477145272
0.6070000000000015 , 0.6044532027652344
0.6080000000000014 , 0.6041146594057062
0.6090000000000013 , 0.6037761190502314
0.6100000000000014 , 0.6034375831128395
0.6110000000000015 , 0.6030990530072758
0.6120000000000014 , 0.6027605301469754
0.6130000000000013 , 0.6024220159450374
0.6140000000000014 , 0.6020835118142002
0.6150000000000015 , 0.6017450191668153
0.6160000000000014 , 0.601406539414823
0.6170000000000013 , 0.6010680739697256
0.6180000000000014 , 0.6007296242425625
0.6190000000000015 , 0.600391191643886
0.6200000000000014 , 0.600052777583734
0.6210000000000013 , 0.5997143834716062
0.6220000000000014 , 0.5993760107164384
0.6230000000000016 , 0.5990376607265767
0.6240000000000014 , 0.5986993349097535
0.6250000000000013 , 0.598361034673061
0.6260000000000014 , 0.5980227614229264
0.6270000000000016 , 0.5976845165650877
0.6280000000000014 , 0.5973463015045675
0.6290000000000013 , 0.5970081176456483
0.6300000000000014 , 0.5966699663918472
0.6310000000000016 , 0.5963318491458915
0.6320000000000014 , 0.595993767309694
0.6330000000000013 , 0.5956557222843265
0.6340000000000015 , 0.5953177154699965
0.6350000000000016 , 0.5949797482660216
0.6360000000000015 , 0.5946418220708054
0.6370000000000013 , 0.5943039382818117
0.6380000000000015 , 0.5939660982955406
0.6390000000000016 , 0.5936283035075036
0.6400000000000015 , 0.593290555312199
0.6410000000000013 , 0.592952855103087
0.6420000000000015 , 0.5926152042725661
0.6430000000000016 , 0.5922776042119472
0.6440000000000015 , 0.5919400563114308
0.6450000000000014 , 0.5916025619600809
0.6460000000000015 , 0.5912651225458022
0.6470000000000016 , 0.5909277394553151
0.6480000000000015 , 0.5905904140741313
0.6490000000000014 , 0.5902531477865303
0.6500000000000015 , 0.5899159419755341
0.6510000000000016 , 0.5895787980228848
0.6520000000000015 , 0.5892417173090194
0.6530000000000014 , 0.5889047012130458
0.6540000000000015 , 0.5885677511127199
0.6550000000000016 , 0.5882308683844207
0.6560000000000015 , 0.5878940544031275
0.6570000000000014 , 0.5875573105423949
0.6580000000000015 , 0.5872206381743307
0.6590000000000016 , 0.5868840386695712
0.6600000000000015 , 0.5865475133972582
0.6610000000000014 , 0.5862110637250156
0.6620000000000015 , 0.5858746910189254
0.6630000000000016 , 0.585538396643505
0.6640000000000015 , 0.5852021819616843
0.6650000000000014 , 0.5848660483347811
0.6660000000000015 , 0.5845299971224792
0.6670000000000016 , 0.5841940296828056
0.6680000000000015 , 0.5838581473721065
0.6690000000000014 , 0.583522351545025
0.6700000000000015 , 0.5831866435544776
0.6710000000000016 , 0.5828510247516331
0.6720000000000015 , 0.5825154964858881
0.6730000000000014 , 0.5821800601048451
0.6740000000000015 , 0.5818447169542907
0.6750000000000016 , 0.5815094683781716
0.6760000000000015 , 0.5811743157185737
0.6770000000000014 , 0.5808392603156991
0.6780000000000015 , 0.5805043035078435
0.6790000000000016 , 0.5801694466313757
0.6800000000000015 , 0.5798346910207133
0.6810000000000014 , 0.5795000380083023
0.6820000000000015 , 0.5791654889245947
0.6830000000000016 , 0.5788310450980271
0.6840000000000015 , 0.5784967078549982
0.6850000000000014 , 0.5781624785198479
0.6860000000000015 , 0.5778283584148352
0.6870000000000016 , 0.5774943488601172
0.6880000000000015 , 0.5771604511737277
0.6890000000000014 , 0.5768266666715555
0.6900000000000015 , 0.5764929966673231
0.6910000000000016 , 0.576159442472567
0.6920000000000015 , 0.5758260053966143
0.6930000000000014 , 0.5754926867465643
0.6940000000000015 , 0.5751594878272654
0.6950000000000016 , 0.5748264099412961
0.6960000000000015 , 0.5744934543889434
0.6970000000000014 , 0.5741606224681824
0.6980000000000015 , 0.5738279154746563
0.6990000000000016 , 0.5734953347016549
0.7000000000000015 , 0.5731628814400961
0.7010000000000014 , 0.5728305569785036
0.7020000000000015 , 0.5724983626029887
0.7030000000000016 , 0.572166299597229
0.7040000000000015 , 0.5718343692424493
0.7050000000000014 , 0.5715025728174016
0.7060000000000015 , 0.571170911598345
0.7070000000000016 , 0.5708393868590267
0.7080000000000015 , 0.5705079998706621
0.7090000000000014 , 0.5701767519019157
0.7100000000000015 , 0.5698456442188815
0.7110000000000016 , 0.5695146780850641
0.7120000000000015 , 0.5691838547613594
0.7130000000000014 , 0.5688531755060353
0.7140000000000015 , 0.5685226415747142
0.7150000000000016 , 0.5681922542203521
0.7160000000000015 , 0.5678620146932222
0.7170000000000014 , 0.567531924240894
0.7180000000000015 , 0.5672019841082169
0.7190000000000016 , 0.5668721955373005
0.7200000000000015 , 0.5665425597674972
0.7210000000000014 , 0.5662130780353835
0.7220000000000015 , 0.5658837515747417
0.7230000000000016 , 0.5655545816165432
0.7240000000000015 , 0.5652255693889296
0.7250000000000014 , 0.5648967161171952
0.7260000000000015 , 0.5645680230237691
0.7270000000000016 , 0.564239491328199
0.7280000000000015 , 0.5639111222471322
0.7290000000000014 , 0.5635829169942994
0.7300000000000015 , 0.563254876780497
0.7310000000000016 , 0.5629270028135704
0.7320000000000015 , 0.562599296298397
0.7330000000000014 , 0.562271758436869
0.7340000000000015 , 0.5619443904278772
0.7350000000000017 , 0.5616171934672942
0.7360000000000015 , 0.5612901687479579
0.7370000000000014 , 0.5609633174596551
0.7380000000000015 , 0.5606366407891054
0.7390000000000017 , 0.5603101399199447
0.7400000000000015 , 0.5599838160327101
0.7410000000000014 , 0.5596576703048227
0.7420000000000015 , 0.5593317039105725
0.7430000000000017 , 0.5590059180211032
0.7440000000000015 , 0.5586803138043958
0.7450000000000014 , 0.5583548924252532
0.7460000000000016 , 0.5580296550452857
0.7470000000000017 , 0.5577046028228949
0.7480000000000016 , 0.5573797369132594
0.7490000000000014 , 0.557055058468319
0.7500000000000016 , 0.5567305686367603
0.7510000000000017 , 0.5564062685640022
0.7520000000000016 , 0.5560821593921811
0.7530000000000014 , 0.5557582422601359
0.7540000000000016 , 0.5554345183033944
0.7550000000000017 , 0.5551109886541586
0.7560000000000016 , 0.554787654441291
0.7570000000000014 , 0.5544645167903
0.7580000000000016 , 0.554141576823326
0.7590000000000017 , 0.5538188356591286
0.7600000000000016 , 0.553496294413072
0.7610000000000015 , 0.5531739541971116
0.7620000000000016 , 0.5528518161197808
0.7630000000000017 , 0.552529881286178
0.7640000000000016 , 0.5522081507979527
0.7650000000000015 , 0.5518866257532932
0.7660000000000016 , 0.551565307246913
0.7670000000000017 , 0.551244196370039
0.7680000000000016 , 0.5509232942103974
0.7690000000000015 , 0.5506026018522027
0.7700000000000016 , 0.5502821203761441
0.7710000000000017 , 0.5499618508593734
0.7720000000000016 , 0.5496417943754941
0.7730000000000015 , 0.5493219519945471
0.7740000000000016 , 0.5490023247830007
0.7750000000000017 , 0.5486829138037378
0.7760000000000016 , 0.5483637201160445
0.7770000000000015 , 0.5480447447755988
0.7780000000000016 , 0.5477259888344584
0.7790000000000017 , 0.5474074533410505
0.7800000000000016 , 0.5470891393401593
0.7810000000000015 , 0.5467710478729166
0.7820000000000016 , 0.5464531799767888
0.7830000000000017 , 0.5461355366855679
0.7840000000000016 , 0.5458181190293601
0.7850000000000015 , 0.545500928034575
0.7860000000000016 , 0.5451839647239153
0.7870000000000017 , 0.544867230116367
0.7880000000000016 , 0.5445507252271885
0.7890000000000015 , 0.544234451067901
0.7900000000000016 , 0.5439184086462782
0.7910000000000017 , 0.5436025989663368
0.7920000000000016 , 0.5432870230283268
0.7930000000000015 , 0.5429716818287218
0.7940000000000016 , 0.5426565763602091
0.7950000000000017 , 0.5423417076116818
0.7960000000000016 , 0.5420270765682278
0.7970000000000015 , 0.5417126842111221
0.7980000000000016 , 0.541398531517817
0.7990000000000017 , 0.5410846194619342
0.8000000000000016 , 0.5407709490132551
0.8010000000000015 , 0.5404575211377128
0.8020000000000016 , 0.5401443367973835
0.8030000000000017 , 0.5398313969504783
0.8040000000000016 , 0.539518702551335
0.8050000000000015 , 0.5392062545504098
0.8060000000000016 , 0.5388940538942697
0.8070000000000017 , 0.538582101525584
0.8080000000000016 , 0.5382703983831179
0.8090000000000015 , 0.5379589454017233
0.8100000000000016 , 0.5376477435123326
0.8110000000000017 , 0.5373367936419506
0.8120000000000016 , 0.5370260967136484
0.8130000000000015 , 0.5367156536465546
0.8140000000000016 , 0.5364054653558495
0.8150000000000017 , 0.5360955327527587
0.8160000000000016 , 0.5357858567445448
0.8170000000000015 , 0.5354764382345023
0.8180000000000016 , 0.5351672781219505
0.8190000000000017 , 0.5348583773022273
0.8200000000000016 , 0.5345497366666826
0.8210000000000015 , 0.5342413571026727
0.8220000000000016 , 0.5339332394935542
0.8230000000000017 , 0.533625384718678
0.8240000000000016 , 0.5333177936533837
0.8250000000000015 , 0.5330104671689939
0.8260000000000016 , 0.5327034061328083
0.8270000000000017 , 0.5323966114080994
0.8280000000000016 , 0.5320900838541065
0.8290000000000015 , 0.5317838243260303
0.8300000000000016 , 0.5314778336750285
0.8310000000000017 , 0.5311721127482107
0.8320000000000016 , 0.5308666623886337
0.8330000000000015 , 0.5305614834352964
0.8340000000000016 , 0.530256576723136
0.8350000000000017 , 0.5299519430830227
0.8360000000000016 , 0.529647583341757
0.8370000000000015 , 0.529343498322063
0.8380000000000016 , 0.5290396888425868
0.8390000000000017 , 0.5287361557178911
0.8400000000000016 , 0.5284328997584523
0.8410000000000015 , 0.5281299217706557
0.8420000000000016 , 0.5278272225567928
0.8430000000000017 , 0.5275248029150577
0.8440000000000016 , 0.5272226636395435
0.8450000000000015 , 0.5269208055202392
0.8460000000000016 , 0.5266192293430266
0.8470000000000018 , 0.526317935889677
0.8480000000000016 , 0.5260169259378492
0.8490000000000015 , 0.5257162002610852
0.8500000000000016 , 0.5254157596288093
0.8510000000000018 , 0.525115604806324
0.8520000000000016 , 0.5248157365548088
0.8530000000000015 , 0.5245161556313169
0.8540000000000016 , 0.5242168627887738
0.8550000000000018 , 0.5239178587759746
0.8560000000000016 , 0.5236191443375825
0.8570000000000015 , 0.5233207202141266
0.8580000000000017 , 0.523022587142
0.8590000000000018 , 0.5227247458534588
0.8600000000000017 , 0.5224271970766204
0.8610000000000015 , 0.5221299415354611
0.8620000000000017 , 0.521832979949816
0.8630000000000018 , 0.5215363130353777
0.8640000000000017 , 0.5212399415036942
0.8650000000000015 , 0.5209438660621692
0.8660000000000017 , 0.5206480874140602
0.8670000000000018 , 0.5203526062584785
0.8680000000000017 , 0.520057423290388
0.8690000000000015 , 0.5197625392006049
0.8700000000000017 , 0.5194679546757975
0.8710000000000018 , 0.519173670398485
0.8720000000000017 , 0.5188796870470388
0.8730000000000016 , 0.5185860052956808
0.8740000000000017 , 0.5182926258144841
0.8750000000000018 , 0.5179995492693732
0.8760000000000017 , 0.5177067763221244
0.8770000000000016 , 0.517414307630365
0.8780000000000017 , 0.5171221438475752
0.8790000000000018 , 0.5168302856230875
0.8800000000000017 , 0.5165387336020878
0.8810000000000016 , 0.516247488425616
0.8820000000000017 , 0.515956550730567
0.8830000000000018 , 0.5156659211496911
0.8840000000000017 , 0.515375600311596
0.8850000000000016 , 0.515085588840747
0.8860000000000017 , 0.514795887357468
0.8870000000000018 , 0.5145064964779442
0.8880000000000017 , 0.5142174168142226
0.8890000000000016 , 0.5139286489742134
0.8900000000000017 , 0.5136401935616917
0.8910000000000018 , 0.5133520511762996
0.8920000000000017 , 0.5130642224135481
0.8930000000000016 , 0.512776707864818
0.8940000000000017 , 0.5124895081173635
0.8950000000000018 , 0.5122026237543127
0.8960000000000017 , 0.5119160553546711
0.8970000000000016 , 0.511629803493323
0.8980000000000017 , 0.5113438687410347
0.8990000000000018 , 0.5110582516644558
0.9000000000000017 , 0.5107729528261236
0.9010000000000016 , 0.5104879727844638
0.9020000000000017 , 0.5102033120937948
0.9030000000000018 , 0.5099189713043296
0.9040000000000017 , 0.5096349509621796
0.9050000000000016 , 0.5093512516093566
0.9060000000000017 , 0.5090678737837768
0.9070000000000018 , 0.5087848180192639
0.9080000000000017 , 0.5085020848455524
0.9090000000000016 , 0.5082196747882903
0.9100000000000017 , 0.5079375883690439
0.9110000000000018 , 0.5076558261053002
0.9120000000000017 , 0.5073743885104713
0.9130000000000016 , 0.5070932760938981
0.9140000000000017 , 0.5068124893608533
0.9150000000000018 , 0.506532028812547
0.9160000000000017 , 0.5062518949461291
0.9170000000000016 , 0.5059720882546943
0.9180000000000017 , 0.505692609227286
0.9190000000000018 , 0.5054134583489007
0.9200000000000017 , 0.5051346361004923
0.9210000000000016 , 0.5048561429589766
0.9220000000000017 , 0.5045779793972357
0.9230000000000018 , 0.5043001458841226
0.9240000000000017 , 0.5040226428844666
0.9250000000000016 , 0.5037454708590768
0.9260000000000017 , 0.5034686302647479
0.9270000000000018 , 0.5031921215542648
0.9280000000000017 , 0.502915945176408
0.9290000000000016 , 0.5026401015759582
0.9300000000000017 , 0.5023645911937012
0.9310000000000018 , 0.5020894144664345
0.9320000000000017 , 0.5018145718269712
0.9330000000000016 , 0.501540063704146
0.9340000000000017 , 0.5012658905228209
0.9350000000000018 , 0.5009920527038902
0.9360000000000017 , 0.5007185506642866
0.9370000000000016 , 0.500445384816987
0.9380000000000017 , 0.5001725555710174
0.9390000000000018 , 0.49990006333146003
0.9400000000000017 , 0.4996279084994584
0.9410000000000016 , 0.4993560914722236
0.9420000000000017 , 0.4990846126430402
0.9430000000000018 , 0.4988134724012728
0.9440000000000017 , 0.49854267113237194
0.9450000000000016 , 0.49827220921788024
0.9460000000000017 , 0.4980020870354389
0.9470000000000018 , 0.4977323049587945
0.9480000000000017 , 0.4974628633578052
0.9490000000000016 , 0.4971937625984472
0.9500000000000017 , 0.4969250030428211
0.9510000000000018 , 0.4966565850491596
0.9520000000000017 , 0.4963885089718332
0.9530000000000016 , 0.4961207751613578
0.9540000000000017 , 0.4958533839644007
0.9550000000000018 , 0.495586335723789
0.9560000000000017 , 0.49531963077851515
0.9570000000000016 , 0.49505326946374506
0.9580000000000017 , 0.4947872521108246
0.9590000000000019 , 0.49452157904728694
0.9600000000000017 , 0.49425625059686074
0.9610000000000016 , 0.49399126707947577
0.9620000000000017 , 0.4937266288112718
0.9630000000000019 , 0.49346233610460566
0.9640000000000017 , 0.4931983892680586
0.9650000000000016 , 0.49293478860644374
0.9660000000000017 , 0.49267153442081385
0.9670000000000019 , 0.4924086270084694
0.9680000000000017 , 0.4921460666629662
0.9690000000000016 , 0.49188385367412263
0.9700000000000017 , 0.491621988328028
0.9710000000000019 , 0.49136047090705054
0.9720000000000018 , 0.4910993016898458
0.9730000000000016 , 0.4908384809513632
0.9740000000000018 , 0.4905780089628558
0.9750000000000019 , 0.4903178859918874
0.9760000000000018 , 0.4900581123023413
0.9770000000000016 , 0.48979868815442856
0.9780000000000018 , 0.4895396138046954
0.9790000000000019 , 0.4892808895060333
0.9800000000000018 , 0.4890225155076854
0.9810000000000016 , 0.4887644920552568
0.9820000000000018 , 0.48850681939072144
0.9830000000000019 , 0.48824949775243215
0.9840000000000018 , 0.4879925273751282
0.9850000000000017 , 0.48773590848994475
0.9860000000000018 , 0.48747964132442057
0.9870000000000019 , 0.48722372610250764
0.9880000000000018 , 0.4869681630445801
0.9890000000000017 , 0.4867129523674421
0.9900000000000018 , 0.48645809428433756
0.9910000000000019 , 0.48620358900495914
0.9920000000000018 , 0.4859494367354566
0.9930000000000017 , 0.48569563767844626
0.9940000000000018 , 0.4854421920330202
0.9950000000000019 , 0.4851890999947548
0.9960000000000018 , 0.4849363617557209
0.9970000000000017 , 0.4846839775044921
0.9980000000000018 , 0.48443194742615414
0.9990000000000019 , 0.4841802717023146